=== MAP ===
-- ZONE 1 --
0 13 3 5 -1 3 4 0 4 -1
4 13 0 0 -1 0 -1 -2 4 3
-1 14 0 -1 0 4 4 -1 0 0
-1 3 0 0 0 13 0 3 -1 3
14 0 4 5 0 5 5 3 4 -1
3 14 13 14 5 0 0 5 12 5
4 -1 -1 5 0 14 3 0 14 3
4 4 5 4 2 3 13 14 4 -1
3 5 0 0 14 5 -1 12 0 4
5 0 5 5 3 0 0 14 0 3
-- ZONE 2 --
15 0 6 0 0 0 6 8 0 6 6 7
8 0 6 0 0 0 6 7 8 -1 -1 7
-1 8 8 6 0 7 -1 -2 0 7 7 6
7 0 0 8 17 0 17 1 17 0 17 0
6 8 0 0 15 7 7 0 0 0 16 17
7 6 0 8 -1 6 0 6 6 0 -1 16
0 0 0 0 8 0 17 6 17 0 0 8
6 0 8 8 8 7 15 7 0 17 6 0
16 -1 8 -1 17 7 -1 -1 7 8 -1 7
-1 8 -1 -1 0 0 0 7 2 -1 0 0
6 0 0 7 0 -1 0 -1 0 8 7 6
0 17 0 16 0 0 0 0 17 -3 8 -1
-- ZONE 3 --
9 19 0 10 0 0 0 0 0 0 0 11 0 -1
0 -1 -1 11 11 9 0 20 0 11 11 0 0 19
0 10 0 10 -1 -1 0 0 10 0 10 9 -1 20
10 0 9 20 -1 9 11 0 9 9 20 10 10 18
9 11 11 -1 19 9 19 10 11 11 -1 0 9 9
0 9 -1 0 0 0 -1 9 10 0 0 0 10 20
0 11 -3 -1 18 0 99 18 9 0 0 11 10 11
9 0 0 0 10 10 10 19 0 20 0 -1 9 0
11 -1 11 0 11 -1 0 0 0 9 10 9 10 0
2 19 0 0 -1 9 0 -1 9 0 0 9 0 0
0 0 0 11 0 0 0 11 10 9 0 11 0 10
0 0 0 10 0 0 20 10 0 -1 -1 10 0 11
-1 0 9 0 0 11 0 0 -1 0 -1 20 11 0
18 0 0 0 18 10 18 -1 0 0 0 0 0 11
=== PLAYER ===
{4}
{32}
{40}
-- INVENTORY --
{1}@{1}@{0}
{1}@{2}@{8}
{1}@{3}@{9}
{1}@{4}@{9}
{59}@{15}@{1}
{6}@{5}@{1}
{3}@{6}@{1}
{1}@{7}@{1}
{0}@{0}@{0}
{0}@{0}@{0}
-- STORAGE --
{0}@{0}
